$ 1 0.000005 10.20027730826997 50 5 50 5e-11
151 224 160 224 240 0 2 5 5
151 224 256 224 336 0 2 0 5
151 208 352 208 432 0 2 5 5
w 192 352 192 160 0
w 224 240 240 256 0
w 208 256 224 240 0
w 320 256 336 240 0
w 336 240 352 256 0
151 320 352 320 432 0 2 5 5
151 336 256 336 336 0 2 0 5
151 336 160 336 240 0 2 5 5
R 192 160 192 112 0 2 10 5 0 0 0.5
R 208 160 208 80 0 2 20 5 0 0 0.5
R 240 160 240 48 0 2 40 5 0 0 0.5
w 208 432 208 448 0
w 224 336 224 352 0
I 208 448 208 480 0 0.5 5
w 208 480 208 512 0
w 192 160 304 112 0
w 208 160 320 80 0
w 240 160 352 48 0
I 304 112 304 160 0 0.5 5
I 320 80 320 160 0 0.5 5
I 352 48 352 160 0 0.5 5
w 336 336 336 352 0
w 304 160 304 352 0
w 320 432 320 512 0
o 13 64 0 4099 5 0.00009765625 0 2 13 3

