$ 1 0.000005 14.235633750745258 50 5 50 5e-11
w -16 -352 -16 -224 0
z 48 -352 -16 -352 2 default-zener
r -16 -400 -16 -352 0 10000
w 48 -352 48 -640 0
w 368 -352 368 -640 0
r 304 -400 304 -352 0 10000
z 368 -352 304 -352 2 default-zener
w 304 -352 304 -176 0
w 608 -352 608 -320 0
p 0 -176 96 -208 3 0 0
p -16 -224 80 -256 3 0 0
p 32 -128 128 -160 3 0 0
w 672 -352 672 -640 0
z 672 -352 608 -352 2 default-zener
r 608 -400 608 -352 0 10000
g 672 -640 752 -640 0 0
w 640 240 672 240 0
w -64 -320 -64 -368 0
w 256 -320 -64 -320 0
w 256 -368 256 -320 0
w -16 -80 -16 -224 0
w 560 -32 560 -224 0
w 288 -224 560 -224 0
w 288 -224 288 -80 0
w -16 -224 288 -224 0
w 0 -176 304 -176 0
w 0 -80 0 -176 0
w 304 -176 304 -80 0
w 576 -176 304 -176 0
w 336 -128 32 -128 0
w 608 -128 336 -128 0
w 608 -32 608 -128 0
w 336 -80 336 -128 0
w 32 -128 32 -80 0
w 608 -320 608 -128 0
w 576 -176 576 -32 0
w 608 -320 256 -320 0
w -16 -400 -16 -416 0
s -64 -400 -16 -400 0 1 false
w 608 208 640 240 0
w 608 208 592 192 0
w 608 208 640 176 0
w 576 240 608 208 0
w 576 160 576 240 0
w 608 -32 608 0 0
w 576 -32 576 0 0
w 560 -32 560 80 0
154 576 80 576 160 0 2 0 5
154 592 0 592 80 0 2 0 5
w 672 240 704 208 0
w 704 208 672 176 0
w 672 176 640 208 0
w 640 208 656 224 0
w 704 208 704 176 0
w 704 176 736 208 0
w 704 208 704 240 0
w 704 208 736 240 0
w 736 208 720 208 0
p 736 240 816 240 3 0 0
w 304 64 320 48 0
w 320 48 336 64 0
151 304 160 304 240 0 2 5 5
151 320 64 320 144 0 2 0 5
151 320 -32 320 48 0 2 5 5
I 288 -80 288 -32 0 0.5 5
I 304 -80 304 -32 0 0.5 5
I 336 -80 336 -32 0 0.5 5
w 320 144 320 160 0
w 288 -32 288 160 0
p 448 240 528 240 3 0 0
w 448 208 432 208 0
w 416 208 448 240 0
w 416 208 416 240 0
w 416 176 448 208 0
w 416 208 416 176 0
w 352 208 368 224 0
w 384 176 352 208 0
w 416 208 384 176 0
w 384 240 416 208 0
w 304 240 336 240 0
w 336 240 384 240 0
w 304 -400 304 -416 0
w 608 -400 608 -416 0
w 560 -368 560 -352 0
w 608 -416 592 -432 0
w 560 -368 560 -400 0
s 560 -400 608 -400 0 1 false
w 592 -432 560 -448 0
s 560 -448 560 -496 0 0 false
w -16 -416 -32 -432 0
w -64 -368 -64 -400 0
w -32 -432 -64 -448 0
s -64 -448 -64 -496 0 0 false
s 256 -448 256 -496 0 0 false
w 288 -432 256 -448 0
s 256 -400 304 -400 0 1 false
w 256 -368 256 -400 0
w 304 -416 288 -432 0
w 48 208 64 208 0
w 160 176 192 208 0
w 160 240 160 176 0
w 144 240 160 240 0
w 144 240 144 176 0
w 96 176 144 240 0
w 96 240 96 176 0
w 64 176 80 208 0
w 48 208 64 176 0
w 80 208 96 240 0
w 32 240 48 208 0
w 0 240 32 240 0
151 16 -80 16 0 0 2 0 5
151 16 16 16 96 0 2 5 5
151 0 112 0 192 0 2 5 5
w -16 112 -16 -80 0
w 16 0 32 16 0
w 0 16 16 0 0
w 0 192 0 208 0
w 16 96 16 112 0
I 0 208 0 240 0 0.5 5
p 160 240 224 176 3 0 0
R -64 -496 -64 -528 0 2 10 12 0 0 0.5
R 256 -496 256 -528 0 2 20 12 0 0 0.5
R 560 -496 560 -544 0 2 120 12 0 0 0.5
r 0 240 0 288 0 1000
r 304 240 304 288 0 1000
r 576 240 576 288 0 1000
w 48 -640 368 -640 0
w 368 -640 672 -640 0
w 1264 288 1568 288 0
w 944 288 1264 288 0
r 1472 1168 1472 1216 0 1000
r 1200 1168 1200 1216 0 1000
r 896 1168 896 1216 0 1000
p 1056 1168 1120 1104 3 0 0
I 896 1136 896 1168 0 0.5 5
w 912 1024 912 1040 0
w 896 1120 896 1136 0
w 896 944 912 928 0
w 912 928 928 944 0
w 880 1040 880 848 0
151 896 1040 896 1120 0 2 0 5
151 912 944 912 1024 0 2 5 5
151 912 848 912 928 0 2 0 5
w 896 1168 928 1168 0
w 928 1168 944 1136 0
w 976 1136 992 1168 0
w 944 1136 960 1104 0
w 960 1104 976 1136 0
w 992 1168 992 1104 0
w 992 1104 1040 1168 0
w 1040 1168 1040 1104 0
w 1040 1168 1056 1168 0
w 1056 1168 1056 1104 0
w 1056 1104 1088 1136 0
w 944 1136 960 1136 0
w 1200 512 1184 496 0
w 1152 560 1152 528 0
s 1152 528 1200 528 0 1 false
w 1184 496 1152 480 0
s 1152 480 1152 432 0 0 false
s 832 480 832 432 0 1 false
w 864 496 832 480 0
w 832 560 832 528 0
w 880 512 864 496 0
s 1456 480 1456 432 0 0 false
w 1488 496 1456 480 0
s 1456 528 1504 528 0 1 false
w 1456 560 1456 528 0
w 1504 512 1488 496 0
w 1456 560 1456 576 0
w 1504 528 1504 512 0
w 1200 528 1200 512 0
w 1232 1168 1280 1168 0
w 1200 1168 1232 1168 0
w 1280 1168 1312 1136 0
w 1312 1136 1280 1104 0
w 1280 1104 1248 1136 0
w 1248 1136 1264 1152 0
w 1312 1136 1312 1104 0
w 1312 1104 1344 1136 0
w 1312 1136 1312 1168 0
w 1312 1136 1344 1168 0
w 1344 1136 1328 1136 0
p 1344 1168 1424 1168 3 0 0
w 1184 896 1184 1088 0
w 1216 1072 1216 1088 0
I 1232 848 1232 896 0 0.5 5
I 1200 848 1200 896 0 0.5 5
I 1184 848 1184 896 0 0.5 5
151 1216 896 1216 976 0 2 5 5
151 1216 992 1216 1072 0 2 0 5
151 1200 1088 1200 1168 0 2 5 5
w 1216 976 1232 992 0
w 1200 992 1216 976 0
p 1632 1168 1712 1168 3 0 0
w 1632 1136 1616 1136 0
w 1600 1136 1632 1168 0
w 1600 1136 1600 1168 0
w 1600 1104 1632 1136 0
w 1600 1136 1600 1104 0
w 1536 1136 1552 1152 0
w 1568 1104 1536 1136 0
w 1600 1136 1568 1104 0
w 1568 1168 1600 1136 0
154 1488 928 1488 1008 0 2 0 5
154 1472 1008 1472 1088 0 2 5 5
w 1456 896 1456 1008 0
w 1472 896 1472 928 0
w 1504 896 1504 928 0
w 1472 1088 1472 1168 0
w 1472 1168 1504 1136 0
w 1504 1136 1536 1104 0
w 1504 1136 1488 1120 0
w 1504 1136 1536 1168 0
s 832 528 880 528 0 0 false
w 880 528 880 512 0
w 1504 608 1152 608 0
w 1472 752 1472 896 0
w 1504 608 1504 800 0
w 928 800 928 848 0
w 1232 848 1232 800 0
w 1504 896 1504 800 0
w 1504 800 1232 800 0
w 1232 800 928 800 0
w 1472 752 1200 752 0
w 1200 752 1200 848 0
w 896 848 896 752 0
w 896 752 1200 752 0
w 880 704 1184 704 0
w 1184 704 1184 848 0
w 1184 704 1456 704 0
w 1456 896 1456 704 0
w 880 848 880 704 0
w 1152 560 1152 608 0
w 1152 608 832 608 0
w 832 608 832 560 0
w 1536 1168 1568 1168 0
g 1568 288 1648 288 0 0
r 1504 528 1504 576 0 10000
z 1568 576 1504 576 2 default-zener
w 1568 576 1568 288 0
p 928 800 1024 768 3 0 0
p 880 704 976 672 3 0 0
p 896 752 992 720 3 0 0
w 1504 576 1504 608 0
w 1200 576 1200 752 0
z 1264 576 1200 576 2 default-zener
r 1200 528 1200 576 0 10000
w 1264 576 1264 288 0
w 944 576 944 288 0
r 880 528 880 576 0 10000
z 944 576 880 576 2 default-zener
w 880 576 880 704 0
I 352 336 352 384 0 0.5 5
I 400 336 400 384 0 0.5 5
I 448 336 448 384 0 0.5 5
I 496 336 496 384 0 0.5 5
w 352 336 0 336 0
w 0 336 0 288 0
w 304 288 1456 432 0
w 352 384 1152 432 0

