$ 1 0.000005 7.010541234668786 50 5 50 5e-11
R 992 -96 992 -144 0 2 120 12 0 0 0.5
R 688 -96 688 -128 0 2 20 12 0 0 0.5
R 368 -96 368 -128 0 2 10 12 0 0 0.5
p 592 640 656 576 3 0 0
I 432 608 432 640 0 0.5 5
w 448 496 448 512 0
w 432 592 432 608 0
w 432 416 448 400 0
w 448 400 464 416 0
w 416 512 416 320 0
151 432 512 432 592 0 2 5 5
151 448 416 448 496 0 2 0 5
151 448 320 448 400 0 2 5 5
w 432 640 464 640 0
w 464 640 480 608 0
w 512 608 528 640 0
w 480 608 496 576 0
w 496 576 512 608 0
w 528 640 528 576 0
w 528 576 576 640 0
w 576 640 576 576 0
w 576 640 592 640 0
w 592 640 592 576 0
w 592 576 624 608 0
w 480 608 496 608 0
w 736 -16 720 -32 0
w 688 32 688 0 0
s 688 0 736 0 0 0 false
w 720 -32 688 -48 0
s 688 -48 688 -96 0 1 false
s 368 -48 368 -96 0 0 false
w 400 -32 368 -48 0
w 368 32 368 0 0
w 416 -16 400 -32 0
s 992 -48 992 -96 0 1 false
w 1024 -32 992 -48 0
s 992 0 1040 0 0 0 false
w 992 32 992 0 0
w 1040 -16 1024 -32 0
w 992 32 992 48 0
w 1040 0 1040 -16 0
w 736 0 736 -16 0
w 768 640 816 640 0
w 736 640 768 640 0
w 816 640 848 608 0
w 848 608 816 576 0
w 816 576 784 608 0
w 784 608 800 624 0
w 848 608 848 576 0
w 848 576 880 608 0
w 848 608 848 640 0
w 848 608 880 640 0
w 880 608 864 608 0
p 880 640 960 640 3 0 0
w 720 368 720 560 0
w 752 544 752 560 0
I 768 320 768 368 0 0.5 5
I 736 320 736 368 0 0.5 5
I 720 320 720 368 0 0.5 5
151 752 368 752 448 0 2 0 5
151 752 464 752 544 0 2 5 5
151 736 560 736 640 0 2 0 5
w 752 448 768 464 0
w 736 464 752 448 0
p 1168 640 1248 640 3 0 0
w 1168 608 1152 608 0
w 1136 608 1168 640 0
w 1136 608 1136 640 0
w 1136 576 1168 608 0
w 1136 608 1136 576 0
w 1072 608 1088 624 0
w 1104 576 1072 608 0
w 1136 608 1104 576 0
w 1104 640 1136 608 0
154 1024 400 1024 480 0 2 0 5
154 1008 480 1008 560 0 2 0 5
w 992 368 992 480 0
w 1008 368 1008 400 0
w 1040 368 1040 400 0
w 1008 560 1008 640 0
w 1008 640 1040 608 0
w 1040 608 1072 576 0
w 1040 608 1024 592 0
w 1040 608 1072 640 0
s 368 0 416 0 0 1 false
w 416 0 416 -16 0
w 1040 80 688 80 0
w 1008 224 1008 368 0
w 1040 80 1040 272 0
w 464 272 464 320 0
w 768 320 768 272 0
w 1040 368 1040 272 0
w 1040 272 768 272 0
w 768 272 464 272 0
w 1008 224 736 224 0
w 736 224 736 320 0
w 432 320 432 224 0
w 432 224 736 224 0
w 416 176 720 176 0
w 720 176 720 320 0
w 720 176 992 176 0
w 992 368 992 176 0
w 416 320 416 176 0
w 688 32 688 80 0
w 688 80 368 80 0
w 368 80 368 32 0
w 1072 640 1104 640 0
g 1104 -240 1184 -240 0 0
r 1040 0 1040 48 0 10000
z 1104 48 1040 48 2 default-zener
w 1104 48 1104 -240 0
p 464 272 560 240 3 0 0
p 416 176 512 144 3 0 0
p 432 224 528 192 3 0 0
w 1040 48 1040 80 0
w 736 48 736 224 0
z 800 48 736 48 2 default-zener
r 736 0 736 48 0 10000
w 800 48 800 -240 0
w 880 -240 1104 -240 0
w 480 48 480 -240 0
r 416 0 416 48 0 10000
z 480 48 416 48 2 default-zener
w 416 48 416 176 0
w 480 -240 800 -240 0
w 880 -240 800 -240 0
w 880 -240 880 48 0
w 880 48 992 48 0
w 944 -176 944 -240 0
w 624 -176 624 -240 0
w 480 -240 320 -240 0
w 320 -240 320 -176 0
