$ 1 0.000005 10.20027730826997 50 5 43 5e-11
R 128 160 128 48 0 1 20 5 0 0 0.5
w -112 320 -48 320 0
p -48 320 -48 384 3 0 0
g -48 240 0 240 0 0
w -48 160 -48 240 0
r -112 160 -112 240 0 10000
w -112 320 -112 240 0
z -48 240 -112 240 2 default-zener
v -48 48 -112 48 0 1 40 5 0 0 0.5
w -48 48 -48 160 0
w -112 48 -112 160 0
z 192 240 128 240 2 default-zener
w 128 320 128 240 0
r 128 160 128 240 0 10000
g 192 240 192 48 0 0
p 192 320 192 384 3 0 0
w 128 320 192 320 0
151 64 384 64 496 0 2 5 5
p 112 496 112 560 3 0 0
w -48 320 48 320 0
w 48 320 48 384 0
w 128 320 80 320 0
w 80 320 80 384 0
I 64 496 112 496 0 0.5 5
o 2 64 0 4098 10 0.1 0 2 15 0
o 18 64 0 4098 5 0.1 1 1

